47,5388 21,6388
47,5392 21,6392
47,5396 21,6395
47,5401 21,6399
47,5406 21,6402
47,5407 21,6403
47,5408 21,6404
47,5418 21,6412
47,5423 21,6415
47,5424 21,6416
47,5433 21,6423
47,5434 21,6425
47,5435 21,6426
47,5435 21,6427
47,5436 21,643
47,5437 21,6431
47,5438 21,6433
47,5444 21,6451
47,5447 21,6461
47,5453 21,6482
47,5454 21,6484
47,5455 21,6487
47,5455 21,6489
47,5456 21,649
47,5458 21,6497
47,5462 21,6511
47,5467 21,6526
47,5468 21,6528
47,5469 21,6531
47,5472 21,6541
47,5476 21,6555
47,5475 21,6555
